.Random.seed <-
c(403L, 10L, -232232758L, -255900363L, 1076603791L, 393244822L, 
-1159106496L, 1702811907L, -616057567L, 2071025168L, -1530903058L, 
-924534375L, 1909192235L, -2081980646L, 1900226012L, -2041328673L, 
381713333L, 1520969036L, 1229968290L, 195173117L, -253484041L, 
-1943839458L, -255582248L, 97792315L, -1695963431L, 2036947560L, 
22686614L, 921587473L, -219498301L, -1777219374L, 171961700L, 
-241618777L, -422304259L, 1912797172L, 844464346L, -1906683355L, 
1461833535L, 2055634118L, 926003536L, 966156659L, 683494289L, 
1086209472L, -104433762L, -720123543L, 1489013147L, -755655510L, 
1606748876L, 9950095L, -327981115L, 1160178556L, -1499221038L, 
-632085683L, -1735745017L, -980327954L, 1080753352L, -975023157L, 
518616617L, 40270968L, 1434892710L, -1087759423L, -1713498029L, 
-772190462L, 356145716L, 1462316983L, 16986029L, -91353916L, 
-954416918L, -1348806827L, -1756411665L, 822181622L, 336103968L, 
-791207965L, -1787571071L, 797418224L, 1373890958L, 240666361L, 
-2096262005L, -182338374L, 1203443644L, 1056097535L, -2050553771L, 
1877113708L, 409293762L, -1549069283L, 434783383L, 154210814L, 
1489859000L, -148128357L, 147538937L, -1084937400L, -1624430986L, 
1042440113L, 997655011L, 485656242L, -524813564L, -1591195577L, 
-11935971L, -701315692L, -958559942L, 734090629L, 1464581727L, 
1444546790L, 14846832L, 671149203L, 2033875249L, -60071968L, 
1991828606L, 80881417L, 965708091L, -1860227830L, 228918508L, 
1707676015L, -1464117595L, 1155860572L, 757268530L, 804902701L, 
-376424985L, -1454331634L, 62967528L, -2115714837L, 1999356297L, 
-798334696L, -1558031290L, -1648173919L, -1087298765L, 156969634L, 
-588881516L, -1404905L, 1978968077L, -1224958684L, -1877513974L, 
-1864761227L, -533410865L, 1831820502L, 1507634304L, 120615619L, 
974101601L, 993729744L, 1718365742L, -569790503L, -1426010133L, 
170141274L, -1456971748L, 1678662943L, -71541387L, 1534659596L, 
1760988642L, -431591747L, -624367305L, -154489378L, 2124129048L, 
589916795L, 588384281L, 519618728L, -1524309418L, -1514098991L, 
453033603L, 309007634L, 418521252L, 541966439L, -2007567939L, 
1690491700L, -2009452390L, -501754139L, -2065645441L, 678377990L, 
-1894521456L, -726312909L, 1278310353L, 971971968L, 970600542L, 
1212882857L, -293444005L, -539354518L, -2060654836L, -1864920753L, 
-1633302011L, -198707012L, -1215237742L, 1580133005L, -629212985L, 
-907022930L, 1191139336L, -1618482165L, 1401612521L, 1955809208L, 
336912486L, -111857407L, 606300051L, -1893738430L, -1784303628L, 
208038391L, 1327308269L, 851455620L, 1771794602L, 1976040981L, 
1329668783L, -1873078090L, -875661600L, -1530443229L, 78656833L, 
-1683281872L, 1349931598L, 647157433L, -323865909L, 1124959098L, 
-1884335492L, -1182923073L, 1148882837L, 211314604L, -961202814L, 
-319939747L, -424298921L, -634133186L, 1221752184L, -1653520805L, 
-1874095687L, 928723976L, 607891126L, -2136482319L, 897061923L, 
-1049949070L, 1378291396L, 770435207L, -1077580707L, 2108748372L, 
1304209530L, -1459803195L, -835338977L, -936900L, 1830001428L, 
1080419778L, -2004656928L, -2114715780L, -2135894320L, -1700746590L, 
-2142698456L, -1689079540L, 1108581308L, 550640946L, 1998931904L, 
1298110004L, 1398645704L, 92683450L, -2075050096L, 1164247532L, 
-269683628L, -1300755822L, 2074585888L, -1676957236L, -126135328L, 
-386380094L, -1990535640L, 41488044L, -559661380L, -447708686L, 
555823408L, 574072996L, 1467685560L, -710011046L, -887206512L, 
218504572L, 97405204L, 1597932866L, -1042468096L, 2002822076L, 
-1856965808L, 1416109346L, -79296184L, -1938842612L, 159478876L, 
71042258L, 1565520896L, 1164953428L, -1924122136L, -1607670790L, 
-1705164080L, -1119220436L, 1954890996L, -45902958L, 2007995488L, 
1629935884L, 1900270304L, 118725986L, -331155800L, 1927970380L, 
101602172L, -589529294L, 24922736L, 1532727620L, -1993013288L, 
250385530L, 148695600L, -1526827332L, 1085671252L, -2086398398L, 
-1157671008L, 449242300L, 207081936L, -1897926302L, -98119704L, 
871551948L, -179046660L, -1488923662L, 701852800L, 2068949236L, 
-721182584L, -1824304838L, -1356887216L, 1727090796L, 516385940L, 
316478802L, -1946035488L, 1804082380L, 750290080L, 1320797570L, 
1733915880L, -541989652L, -785823684L, 1825156210L, -437752720L, 
-673918428L, 1958639160L, -1986067942L, 1064643792L, -1771131332L, 
-306288492L, 99955842L, -177351744L, 1016867132L, -1325822320L, 
1343091746L, 1171980296L, 835454092L, -718472164L, 622301330L, 
819248256L, 871205908L, -1530665176L, -155480006L, -1967548208L, 
964075628L, -1260038476L, -2006795246L, 980874208L, 812073932L, 
1956030944L, 1114601506L, 1447267624L, -545439476L, 88646204L, 
-683005710L, -441340688L, -2053226684L, 1206279256L, 311377466L, 
1429944560L, -1595439428L, 352354836L, -1819278142L, -55731616L, 
1284571516L, -247538480L, 1816924194L, -330689368L, 1491923340L, 
1060196796L, -1435907022L, -384856256L, -1726461260L, -1906156216L, 
-1902340422L, -1021703408L, 2074876140L, 292015188L, -2050084078L, 
611814816L, 398796748L, -933037216L, 690982082L, -802295256L, 
-1149542996L, 1403941692L, 247676786L, -1770328272L, 2046774308L, 
-1417211336L, -1887496486L, -1182801008L, -1913511684L, 1634675092L, 
-347411646L, -875286016L, -1808501700L, 528255568L, 1974293666L, 
-1817209016L, 205194764L, -1708194084L, -87138222L, 636149888L, 
-551468204L, 994194408L, -1969904902L, 1681346384L, -1336012756L, 
-453430924L, -402736494L, 361706080L, 396954764L, 1585397088L, 
480379106L, -1307662168L, 1415455436L, 1781990908L, 1611102130L, 
600113136L, -1523843644L, -80045736L, 1848692090L, -1642713680L, 
1342175676L, -834491820L, 194756034L, 365206304L, -835306564L, 
1288725584L, 1421699042L, 1478749032L, 1647818572L, -2080564484L, 
-1333849358L, -2128903936L, -152853388L, 559012360L, 486609338L, 
-1733961264L, -1788103700L, 1234540436L, -656444206L, 718852192L, 
380143948L, 1728540448L, -476482942L, -1225297432L, 905425900L, 
585399868L, 726704754L, 911124336L, 1916797220L, -891990472L, 
-652853862L, -2137074224L, 844034492L, 747858580L, -1183345022L, 
556392794L, 1857583640L, -1787721855L, -186628813L, 629484372L, 
-822198942L, 1635048951L, -1473161663L, 1420317382L, 1128891396L, 
-1314581579L, 1047211167L, -1899370248L, 2095587542L, -1280439965L, 
-326933211L, -441490750L, -699101264L, 2040099801L, 899734859L, 
376134588L, -520846358L, 2033509407L, -586702167L, -651139522L, 
-1582851284L, 1992021373L, 1313299399L, -397006160L, 48666830L, 
496095739L, -604863907L, -1208844918L, 2111833512L, -444413167L, 
-961263101L, -1376379644L, -1411073742L, -1175967865L, -241199663L, 
212338518L, 1377850676L, -1391018939L, 280700047L, -262786552L, 
-466620890L, 1745295059L, -744601547L, 669050770L, 897554272L, 
40293065L, 775763451L, -166387252L, 1090652250L, -1987398321L, 
-1324565479L, -674299346L, 383664188L, 520971693L, 2035242583L, 
-1210996832L, -911801090L, -169912373L, 691691981L, 1530934522L, 
2111674168L, 793281761L, -1525471341L, -1040893004L, 1917440194L, 
1391559895L, -413519583L, -567584538L, -757199388L, 599927061L, 
1584374079L, -929993512L, -1335221002L, 536649475L, -615032763L, 
-1679296414L, 317288400L, -1852656391L, -1270759893L, -939873892L, 
641120714L, -35718465L, 316558345L, 850767134L, -1055846196L, 
-2024639331L, -2123560665L, 1687352144L, 457551342L, 37313179L, 
1062096125L, 1560105962L, -1896758136L, -1571046863L, -1344656221L, 
-1725558620L, -2050916014L, -814334809L, 2050324721L, -271568842L, 
-274706220L, -2010405787L, 205053551L, -945463128L, -111317498L, 
1638534963L, -875156587L, -1515446286L, -1747231680L, 2069570985L, 
195709979L, -890271252L, 1538675194L, -1182910929L, 1238872633L, 
1234086990L, 685823132L, 449807885L, -1743197577L, 1665129088L, 
786518238L, -1991615573L, 315389101L, 1168828698L, 2059804120L, 
2104485441L, -835339021L, -238621932L, -1550800222L, -43121737L, 
-1141891199L, -61782650L, 1597532100L, 1727908597L, -791011489L, 
2019819960L, -332875626L, 2115010211L, -1822842779L, -1006725758L, 
426845936L, 305052313L, 272907915L, -295223428L, -1278938710L, 
